1850 800 0 0 0
1850 200 500 60 80
1850 200 100 120 142
1850 200 120 60 190
1850 200 70 120 220
1850 200 70 180 245
1850 200 70 240 270
1850 240 170 40 340
1850 260 250 60 380
1850 200 60 120 411
1850 300 250 40 440
1850 300 290 40 490
1850 300 240 40 550
1850 200 400 60 600
1850 200 400 60 664
1850 200 400 100 729
1850 350 200 40 800
1850 400 200 40 850
1850 450 250 40 900
1850 200 950 300 950
1850 560 100 35 995
1850 400 200 45 1080
1850 300 200 45 1110
1850 350 100 45 1145
1850 400 100 45 1170
1850 300 600 45 1195
1850 550 100 400 1320
1850 200 100 400 1377
1850 200 100 100 1450
1850 500 100 600 1451
1850 200 1000 250 1500
1850 750 1000 500 1501
1850 800 0 0 100000000