 1770.000000 1770.000000 1770.000000 900.000000 900.000000 900.000000 0
 1778.000000 1803.000000 1828.000000 200.000000 247.000000 200.000000 1
 1850.000000 1875.000000 1900.000000 200.000000 247.000000 200.000000 30
 1850.000000 1875.000000 1900.000000 200.000000 247.000000 200.000000 36
 1850.000000 1875.000000 1900.000000 260.000000 310.000000 260.000000 110
 1845.000000 1875.000000 1905.000000 440.000000 490.000000 440.000000 300
 1850.000000 1875.000000 1900.000000 200.000000 250.000000 200.000000 430
 1850.000000 1875.000000 1900.000000 200.000000 250.000000 200.000000 437
 1850.000000 1875.000000 1900.000000 200.000000 250.000000 200.000000 444
 1850.000000 1875.000000 1900.000000 200.000000 250.000000 200.000000 451
 1850.000000 1875.000000 1900.000000 200.000000 250.000000 200.000000 458
 1850.000000 1875.000000 1900.000000 200.000000 250.000000 200.000000 465
 1850.000000 1875.000000 1900.000000 200.000000 250.000000 200.000000 472
 1850.000000 1875.000000 1900.000000 200.000000 250.000000 200.000000 479
 1850.000000 1875.000000 1900.000000 200.000000 250.000000 200.000000 486
 1850.000000 1875.000000 1900.000000 200.000000 250.000000 200.000000 493
 1850.000000 1875.000000 1900.000000 200.000000 250.000000 200.000000 500
 1850.000000 1875.000000 1900.000000 200.000000 250.000000 200.000000 507
 1850.000000 1875.000000 1900.000000 200.000000 250.000000 200.000000 514
 1850.000000 1875.000000 1900.000000 200.000000 250.000000 200.000000 521
 1850.000000 1875.000000 1900.000000 200.000000 250.000000 200.000000 528
 1850.000000 1875.000000 1900.000000 200.000000 250.000000 200.000000 535
 1850.000000 1875.000000 1900.000000 200.000000 250.000000 200.000000 542
 1850.000000 1875.000000 1900.000000 200.000000 250.000000 200.000000 549
 1850.000000 1875.000000 1900.000000 200.000000 250.000000 200.000000 556
 1850.000000 1875.000000 1900.000000 200.000000 250.000000 200.000000 563
 1850.000000 1875.000000 1900.000000 200.000000 250.000000 200.000000 570
 1850.000000 1875.000000 1900.000000 200.000000 250.000000 200.000000 577
 1850.000000 1875.000000 1900.000000 200.000000 250.000000 200.000000 650
 1850.000000 1875.000000 1900.000000 200.000000 250.000000 200.000000 657
 1850.000000 1875.000000 1900.000000 260.000000 310.000000 260.000000 687
 1850.000000 1875.000000 1900.000000 200.000000 250.000000 200.000000 714
 1850.000000 1875.000000 1900.000000 200.000000 250.000000 200.000000 721
 1850.000000 1875.000000 1900.000000 300.000000 350.000000 300.000000 750
 1850.000000 1875.000000 1900.000000 500.000000 550.000000 500.000000 990
 1850.000000 1875.000000 1900.000000 500.000000 550.000000 500.000000 997
 1850.000000 1875.000000 1900.000000 500.000000 550.000000 500.000000 1004
 1850.000000 1875.000000 1895.000000 445.000000 495.000000 445.000000 1100
 1850.000000 1875.000000 1895.000000 345.000000 395.000000 345.000000 1130
 1850.000000 1875.000000 1900.000000 200.000000 250.000000 200.000000 1285
 1850.000000 1875.000000 1900.000000 200.000000 250.000000 200.000000 1292
 1850.000000 1875.000000 1900.000000 200.000000 250.000000 200.000000 1299
 1850.000000 1875.000000 1900.000000 200.000000 250.000000 200.000000 1306
 1850.000000 1875.000000 1900.000000 200.000000 250.000000 200.000000 1313
 1850.000000 1875.000000 1900.000000 200.000000 250.000000 200.000000 1320
 1850.000000 1875.000000 1900.000000 200.000000 250.000000 200.000000 1327
 1850.000000 1875.000000 1900.000000 200.000000 250.000000 200.000000 1334
 1850.000000 1875.000000 1900.000000 200.000000 250.000000 200.000000 1341
 1850.000000 1875.000000 1900.000000 200.000000 250.000000 200.000000 1348
 1850.000000 1875.000000 1900.000000 200.000000 250.000000 200.000000 1355
 1850.000000 1875.000000 1900.000000 200.000000 250.000000 200.000000 1362
 1850.000000 1875.000000 1900.000000 200.000000 250.000000 200.000000 1369
 1850.000000 1875.000000 1900.000000 450.000000 490.000000 450.000000 1500
 1850.000000 1875.000000 1900.000000 750.000000 710.000000 750.000000 1501
 1850.000000 1875.000000 1900.000000 450.000000 490.000000 450.000000 1507
 1850.000000 1875.000000 1900.000000 750.000000 710.000000 750.000000 1508
 1850.000000 1875.000000 1900.000000 450.000000 490.000000 450.000000 1514
 1850.000000 1875.000000 1900.000000 750.000000 710.000000 750.000000 1515
 1850.000000 1875.000000 1900.000000 450.000000 490.000000 450.000000 1521
 1850.000000 1875.000000 1900.000000 750.000000 710.000000 750.000000 1522
 1850.000000 1875.000000 1900.000000 450.000000 490.000000 450.000000 1528
 1850.000000 1875.000000 1900.000000 750.000000 710.000000 750.000000 1529
 1850.000000 1875.000000 1900.000000 450.000000 490.000000 450.000000 1535
 1850.000000 1875.000000 1900.000000 750.000000 710.000000 750.000000 1536
 1850.000000 1875.000000 1900.000000 450.000000 490.000000 450.000000 1542
 1850.000000 1875.000000 1900.000000 750.000000 710.000000 750.000000 1543
 1850.000000 1875.000000 1900.000000 450.000000 490.000000 450.000000 1549
 1850.000000 1875.000000 1900.000000 750.000000 710.000000 750.000000 1550
 1850.000000 1875.000000 1900.000000 450.000000 490.000000 450.000000 1556
 1850.000000 1875.000000 1900.000000 750.000000 710.000000 750.000000 1557
 1850.000000 1875.000000 1900.000000 450.000000 490.000000 450.000000 1563
 1850.000000 1875.000000 1900.000000 750.000000 710.000000 750.000000 1564
 1850.000000 1875.000000 1900.000000 450.000000 490.000000 450.000000 1570
 1850.000000 1875.000000 1900.000000 750.000000 710.000000 750.000000 1571
 1850.000000 1875.000000 1900.000000 450.000000 490.000000 450.000000 1577
 1850.000000 1875.000000 1900.000000 750.000000 710.000000 750.000000 1578
 1850.000000 1875.000000 1900.000000 450.000000 490.000000 450.000000 1584
 1850.000000 1875.000000 1900.000000 750.000000 710.000000 750.000000 1585
 1850.000000 1875.000000 1900.000000 450.000000 490.000000 450.000000 1591
 1850.000000 1875.000000 1900.000000 750.000000 710.000000 750.000000 1592
 1850.000000 1875.000000 1900.000000 450.000000 490.000000 450.000000 1598
 1850.000000 1875.000000 1900.000000 750.000000 710.000000 750.000000 1599
 1850.000000 1875.000000 1900.000000 450.000000 490.000000 450.000000 1605
 1850.000000 1875.000000 1900.000000 750.000000 710.000000 750.000000 1606
 1850.000000 1875.000000 1900.000000 450.000000 490.000000 450.000000 1612
 1850.000000 1875.000000 1900.000000 750.000000 710.000000 750.000000 1613
 1850.000000 1850.000000 1850.000000 800.000000 800.000000 800.000000 1000000000
