1850 1850 1850 900 900 900 0
1850 1875 1900 200 247 200 1
1850 1875 1900 200 247 200 30
1850 1875 1900 200 247 200 36
1850 1875 1900 260 310 260 110
1845 1875 1905 440 490 440 300
1850 1875 1900 200 250 200 430
1850 1875 1900 200 250 200 437
1850 1875 1900 200 250 200 444
1850 1875 1900 200 250 200 451
1850 1875 1900 200 250 200 458
1850 1875 1900 200 250 200 465
1850 1875 1900 200 250 200 472
1850 1875 1900 200 250 200 479
1850 1875 1900 200 250 200 486
1850 1875 1900 200 250 200 493
1850 1875 1900 200 250 200 500
1850 1875 1900 200 250 200 507
1850 1875 1900 200 250 200 514
1850 1875 1900 200 250 200 521
1850 1875 1900 200 250 200 528
1850 1875 1900 200 250 200 535
1850 1875 1900 200 250 200 542
1850 1875 1900 200 250 200 549
1850 1875 1900 200 250 200 556
1850 1875 1900 200 250 200 563
1850 1875 1900 200 250 200 570
1850 1875 1900 200 250 200 577
1850 1875 1900 200 250 200 650
1850 1875 1900 200 250 200 657
1850 1875 1900 260 310 260 687
1850 1875 1900 200 250 200 714
1850 1875 1900 200 250 200 721
1850 1875 1900 300 350 300 750
1850 1875 1900 500 550 500 990
1850 1875 1900 500 550 500 997
1850 1875 1900 500 550 500 1004
1850 1875 1895 445 495 445 1100
1850 1875 1895 345 395 345 1130
1850 1875 1900 200 250 200 1285
1850 1875 1900 200 250 200 1292
1850 1875 1900 200 250 200 1299
1850 1875 1900 200 250 200 1306
1850 1875 1900 200 250 200 1313
1850 1875 1900 200 250 200 1320
1850 1875 1900 200 250 200 1327
1850 1875 1900 200 250 200 1334
1850 1875 1900 200 250 200 1341
1850 1875 1900 200 250 200 1348
1850 1875 1900 200 250 200 1355
1850 1875 1900 200 250 200 1362
1850 1875 1900 200 250 200 1369
1850 1875 1900 450 490 450 1500
1850 1875 1900 750 710 750 1501
1850 1875 1900 450 490 450 1507
1850 1875 1900 750 710 750 1508
1850 1875 1900 450 490 450 1514
1850 1875 1900 750 710 750 1515
1850 1875 1900 450 490 450 1521
1850 1875 1900 750 710 750 1522
1850 1875 1900 450 490 450 1528
1850 1875 1900 750 710 750 1529
1850 1875 1900 450 490 450 1535
1850 1875 1900 750 710 750 1536
1850 1875 1900 450 490 450 1542
1850 1875 1900 750 710 750 1543
1850 1875 1900 450 490 450 1549
1850 1875 1900 750 710 750 1550
1850 1875 1900 450 490 450 1556
1850 1875 1900 750 710 750 1557
1850 1875 1900 450 490 450 1563
1850 1875 1900 750 710 750 1564
1850 1875 1900 450 490 450 1570
1850 1875 1900 750 710 750 1571
1850 1875 1900 450 490 450 1577
1850 1875 1900 750 710 750 1578
1850 1875 1900 450 490 450 1584
1850 1875 1900 750 710 750 1585
1850 1875 1900 450 490 450 1591
1850 1875 1900 750 710 750 1592
1850 1875 1900 450 490 450 1598
1850 1875 1900 750 710 750 1599
1850 1875 1900 450 490 450 1605
1850 1875 1900 750 710 750 1606
1850 1875 1900 450 490 450 1612
1850 1875 1900 750 710 750 1613
1850 1850 1850 800 800 800 1000000000